Processed using debug and code in test_process_fen in main and this:
for i in range(0,len(info.columns)):
    column = info.columns[i]
    if 'position' in column:
        print(f"{i} : {column}")
        print(info[column].values[0].reshape(8, 8))


41 : white advantage positions
[[0 1 0 1 0 1 1 0]
 [1 1 0 1 1 1 0 1]
 [1 1 1 1 1 1 1 1]
 [0 0 0 0 0 0 0 1]
 [0 1 0 1 0 1 1 0]
 [0 0 0 0 0 0 0 0]
 [0 0 0 0 0 1 0 0]
 [0 0 0 0 0 0 0 0]]
42 : black advantage positions
[[0 0 0 0 0 0 0 0]
 [0 0 0 0 0 0 0 0]
 [0 0 0 0 0 0 0 0]
 [0 1 0 1 1 1 0 0]
 [1 0 1 0 0 0 0 1]
 [0 1 1 1 1 1 1 0]
 [1 1 1 1 1 0 1 1]
 [0 1 1 1 1 1 1 0]]
43 : castling positions
[[0 0 1 0 0 0 1 0]
 [0 0 0 0 0 0 0 0]
 [0 0 0 0 0 0 0 0]
 [0 0 0 0 0 0 0 0]
 [0 0 0 0 0 0 0 0]
 [0 0 0 0 0 0 0 0]
 [0 0 0 0 0 0 0 0]
 [0 0 1 0 0 0 1 0]]
44 : en passant positions
[[0 0 0 0 0 0 0 0]
 [0 0 0 0 0 0 0 0]
 [0 0 0 0 0 0 0 0]
 [0 0 0 0 0 0 0 0]
 [0 0 0 0 0 0 0 0]
 [0 0 0 0 0 0 0 0]
 [0 0 0 0 0 0 0 0]
 [0 0 0 0 0 0 0 0]]
45 : white king check positions
[[0 0 0 0 0 0 0 0]
 [0 0 0 0 0 0 0 0]
 [0 0 0 0 0 0 0 0]
 [0 0 0 0 0 0 0 0]
 [0 0 0 0 0 0 0 0]
 [0 0 0 0 0 0 0 0]
 [0 0 0 0 0 0 0 0]
 [0 0 0 0 0 0 0 0]]
46 : black king check positions
[[0 0 0 0 0 0 0 0]
 [0 0 0 0 0 0 0 0]
 [0 0 0 0 0 0 0 0]
 [0 0 0 0 0 0 0 0]
 [0 0 0 0 0 0 0 0]
 [0 0 0 0 0 0 0 0]
 [0 0 0 0 0 0 0 0]
 [0 0 0 0 0 0 0 0]]
47 : white knight positions
[[0 1 0 0 0 0 1 0]
 [0 0 0 0 0 0 0 0]
 [0 0 0 0 0 0 0 0]
 [0 0 0 0 0 0 0 0]
 [0 0 0 0 0 0 0 0]
 [0 0 0 0 0 0 0 0]
 [0 0 0 0 0 0 0 0]
 [0 0 0 0 0 0 0 0]]
48 : white bishop positions
[[0 0 1 0 0 0 0 0]
 [0 0 0 0 0 0 0 0]
 [0 0 0 0 0 0 0 0]
 [0 0 1 0 0 0 0 0]
 [0 0 0 0 0 0 0 0]
 [0 0 0 0 0 0 0 0]
 [0 0 0 0 0 0 0 0]
 [0 0 0 0 0 0 0 0]]
49 : white rook positions
[[1 0 0 0 0 0 0 1]
 [0 0 0 0 0 0 0 0]
 [0 0 0 0 0 0 0 0]
 [0 0 0 0 0 0 0 0]
 [0 0 0 0 0 0 0 0]
 [0 0 0 0 0 0 0 0]
 [0 0 0 0 0 0 0 0]
 [0 0 0 0 0 0 0 0]]
50 : white queen positions
[[0 0 0 0 0 0 0 0]
 [0 0 0 0 0 0 0 0]
 [0 0 0 0 0 0 0 0]
 [0 0 0 0 0 0 0 0]
 [0 0 0 0 0 0 0 1]
 [0 0 0 0 0 0 0 0]
 [0 0 0 0 0 0 0 0]
 [0 0 0 0 0 0 0 0]]
51 : white king positions
[[0 0 0 0 1 0 0 0]
 [0 0 0 0 0 0 0 0]
 [0 0 0 0 0 0 0 0]
 [0 0 0 0 0 0 0 0]
 [0 0 0 0 0 0 0 0]
 [0 0 0 0 0 0 0 0]
 [0 0 0 0 0 0 0 0]
 [0 0 0 0 0 0 0 0]]
52 : white pawn positions
[[0 0 0 0 0 0 0 0]
 [1 1 1 1 0 1 1 1]
 [0 0 0 0 0 0 0 0]
 [0 0 0 0 1 0 0 0]
 [0 0 0 0 0 0 0 0]
 [0 0 0 0 0 0 0 0]
 [0 0 0 0 0 0 0 0]
 [0 0 0 0 0 0 0 0]]
53 : black knight positions
[[0 0 0 0 0 0 0 0]
 [0 0 0 0 0 0 0 0]
 [0 0 0 0 0 0 0 0]
 [0 0 0 0 0 0 0 0]
 [0 0 0 0 0 0 0 0]
 [0 0 1 0 0 1 0 0]
 [0 0 0 0 0 0 0 0]
 [0 0 0 0 0 0 0 0]]
54 : black bishop positions
[[0 0 0 0 0 0 0 0]
 [0 0 0 0 0 0 0 0]
 [0 0 0 0 0 0 0 0]
 [0 0 0 0 0 0 0 0]
 [0 0 0 0 0 0 0 0]
 [0 0 0 0 0 0 0 0]
 [0 0 0 0 0 0 0 0]
 [0 0 1 0 0 1 0 0]]
55 : black rook positions
[[0 0 0 0 0 0 0 0]
 [0 0 0 0 0 0 0 0]
 [0 0 0 0 0 0 0 0]
 [0 0 0 0 0 0 0 0]
 [0 0 0 0 0 0 0 0]
 [0 0 0 0 0 0 0 0]
 [0 0 0 0 0 0 0 0]
 [1 0 0 0 0 0 0 1]]
56 : black queen positions
[[0 0 0 0 0 0 0 0]
 [0 0 0 0 0 0 0 0]
 [0 0 0 0 0 0 0 0]
 [0 0 0 0 0 0 0 0]
 [0 0 0 0 0 0 0 0]
 [0 0 0 0 0 0 0 0]
 [0 0 0 0 0 0 0 0]
 [0 0 0 1 0 0 0 0]]
57 : black king positions
[[0 0 0 0 0 0 0 0]
 [0 0 0 0 0 0 0 0]
 [0 0 0 0 0 0 0 0]
 [0 0 0 0 0 0 0 0]
 [0 0 0 0 0 0 0 0]
 [0 0 0 0 0 0 0 0]
 [0 0 0 0 0 0 0 0]
 [0 0 0 0 1 0 0 0]]
58 : black pawn positions
[[0 0 0 0 0 0 0 0]
 [0 0 0 0 0 0 0 0]
 [0 0 0 0 0 0 0 0]
 [0 0 0 0 0 0 0 0]
 [0 0 0 0 1 0 0 0]
 [0 0 0 0 0 0 0 0]
 [1 1 1 1 0 1 1 1]
 [0 0 0 0 0 0 0 0]]
59 : white positions
[[1 1 1 0 1 0 1 1]
 [1 1 1 1 0 1 1 1]
 [0 0 0 0 0 0 0 0]
 [0 0 1 0 1 0 0 0]
 [0 0 0 0 0 0 0 1]
 [0 0 0 0 0 0 0 0]
 [0 0 0 0 0 0 0 0]
 [0 0 0 0 0 0 0 0]]
60 : black positions
[[0 0 0 0 0 0 0 0]
 [0 0 0 0 0 0 0 0]
 [0 0 0 0 0 0 0 0]
 [0 0 0 0 0 0 0 0]
 [0 0 0 0 1 0 0 0]
 [0 0 1 0 0 1 0 0]
 [1 1 1 1 0 1 1 1]
 [1 0 1 1 1 1 0 1]]
61 : white black positions
[[1 1 1 0 1 0 1 1]
 [1 1 1 1 0 1 1 1]
 [0 0 0 0 0 0 0 0]
 [0 0 1 0 1 0 0 0]
 [0 0 0 0 1 0 0 1]
 [0 0 1 0 0 1 0 0]
 [1 1 1 1 0 1 1 1]
 [1 0 1 1 1 1 0 1]]
62 : white knight attack positions
[[0 0 0 0 0 0 0 0]
 [0 0 0 0 1 0 0 0]
 [1 0 1 0 0 1 0 1]
 [0 0 0 0 0 0 0 0]
 [0 0 0 0 0 0 0 0]
 [0 0 0 0 0 0 0 0]
 [0 0 0 0 0 0 0 0]
 [0 0 0 0 0 0 0 0]]
63 : white bishop attack positions
[[0 0 0 0 0 1 0 0]
 [0 0 0 0 1 0 0 0]
 [0 1 0 1 0 0 0 0]
 [0 0 0 0 0 0 0 0]
 [0 1 0 1 0 0 0 0]
 [1 0 0 0 1 0 0 0]
 [0 0 0 0 0 1 0 0]
 [0 0 0 0 0 0 0 0]]
64 : white rook attack positions
[[0 0 0 0 0 0 0 0]
 [0 0 0 0 0 0 0 0]
 [0 0 0 0 0 0 0 0]
 [0 0 0 0 0 0 0 0]
 [0 0 0 0 0 0 0 0]
 [0 0 0 0 0 0 0 0]
 [0 0 0 0 0 0 0 0]
 [0 0 0 0 0 0 0 0]]
65 : white queen attack positions
[[0 0 0 1 0 0 0 0]
 [0 0 0 0 1 0 0 0]
 [0 0 0 0 0 1 0 1]
 [0 0 0 0 0 0 1 1]
 [0 0 0 0 1 1 1 0]
 [0 0 0 0 0 0 1 1]
 [0 0 0 0 0 1 0 1]
 [0 0 0 0 0 0 0 0]]
66 : white king attack positions
[[0 0 0 1 0 1 0 0]
 [0 0 0 0 1 0 0 0]
 [0 0 0 0 0 0 0 0]
 [0 0 0 0 0 0 0 0]
 [0 0 0 0 0 0 0 0]
 [0 0 0 0 0 0 0 0]
 [0 0 0 0 0 0 0 0]
 [0 0 0 0 0 0 0 0]]
67 : white pawn attack positions
[[0 0 0 0 0 0 0 0]
 [0 0 0 0 0 0 0 0]
 [1 1 1 1 0 1 1 1]
 [1 1 0 1 0 1 1 1]
 [0 0 0 0 0 0 0 0]
 [0 0 0 0 0 0 0 0]
 [0 0 0 0 0 0 0 0]
 [0 0 0 0 0 0 0 0]]
68 : black knight attack positions
[[0 0 0 0 0 0 0 0]
 [0 0 0 0 0 0 0 0]
 [0 0 0 0 0 0 0 0]
 [0 1 0 1 1 0 1 0]
 [1 0 0 1 0 0 0 1]
 [0 0 0 0 0 0 0 0]
 [0 0 0 0 1 0 0 0]
 [0 1 0 0 0 0 1 0]]
69 : black bishop attack positions
[[0 0 0 0 0 0 0 0]
 [0 0 0 0 0 0 0 0]
 [1 0 0 0 0 0 0 0]
 [0 1 0 0 0 0 0 0]
 [0 0 1 0 0 0 0 0]
 [0 0 0 1 0 0 0 0]
 [0 0 0 0 1 0 0 0]
 [0 0 0 0 0 0 0 0]]
70 : black rook attack positions
[[0 0 0 0 0 0 0 0]
 [0 0 0 0 0 0 0 0]
 [0 0 0 0 0 0 0 0]
 [0 0 0 0 0 0 0 0]
 [0 0 0 0 0 0 0 0]
 [0 0 0 0 0 0 0 0]
 [0 0 0 0 0 0 0 0]
 [0 1 0 0 0 0 1 0]]
71 : black queen attack positions
[[0 0 0 0 0 0 0 0]
 [0 0 0 0 0 0 0 0]
 [0 0 0 0 0 0 0 0]
 [0 0 0 0 0 0 0 0]
 [0 0 0 0 0 0 0 0]
 [0 0 0 0 0 0 0 0]
 [0 0 0 0 1 0 0 0]
 [0 0 0 0 0 0 0 0]]
72 : black king attack positions
[[0 0 0 0 0 0 0 0]
 [0 0 0 0 0 0 0 0]
 [0 0 0 0 0 0 0 0]
 [0 0 0 0 0 0 0 0]
 [0 0 0 0 0 0 0 0]
 [0 0 0 0 0 0 0 0]
 [0 0 0 0 1 0 0 0]
 [0 0 0 0 0 0 0 0]]
73 : black pawn attack positions
[[0 0 0 0 0 0 0 0]
 [0 0 0 0 0 0 0 0]
 [0 0 0 0 0 0 0 0]
 [0 0 0 0 0 0 0 0]
 [1 1 0 1 0 0 1 0]
 [1 1 0 1 0 0 1 1]
 [0 0 0 0 0 0 0 0]
 [0 0 0 0 0 0 0 0]]
74 : white attack positions
[[0 0 0 1 0 1 0 0]
 [0 0 0 0 1 0 0 0]
 [1 1 1 1 0 1 1 1]
 [1 1 0 1 0 1 1 1]
 [0 1 0 1 1 1 1 0]
 [1 0 0 0 1 0 1 1]
 [0 0 0 0 0 1 0 1]
 [0 0 0 0 0 0 0 0]]
75 : black attack positions
[[0 0 0 0 0 0 0 0]
 [0 0 0 0 0 0 0 0]
 [1 0 0 0 0 0 0 0]
 [0 1 0 1 1 0 1 0]
 [1 1 1 1 0 0 1 1]
 [1 1 0 1 0 0 1 1]
 [0 0 0 0 1 0 0 0]
 [0 1 0 0 0 0 1 0]]
76 : white advantage attack positions
[[0 0 0 1 0 1 0 0]
 [0 0 0 0 1 0 0 0]
 [1 1 1 1 0 1 1 1]
 [1 0 0 0 0 1 1 1]
 [0 0 0 0 1 1 0 0]
 [0 0 0 0 1 0 0 0]
 [0 0 0 0 0 1 0 1]
 [0 0 0 0 0 0 0 0]]
77 : black advantage attack positions
[[0 0 0 0 0 0 0 0]
 [0 0 0 0 0 0 0 0]
 [0 0 0 0 0 0 0 0]
 [0 1 0 0 1 0 0 0]
 [1 0 1 1 0 0 0 1]
 [0 1 0 1 0 0 0 0]
 [0 0 0 0 1 0 0 0]
 [0 1 0 0 0 0 1 0]]
78 : white knight defended positions
[[0 1 0 0 0 0 1 0]
 [0 0 0 0 0 0 0 0]
 [0 0 0 0 0 0 0 0]
 [0 0 0 0 0 0 0 0]
 [0 0 0 0 0 0 0 0]
 [0 0 0 0 0 0 0 0]
 [0 0 0 0 0 0 0 0]
 [0 0 0 0 0 0 0 0]]
79 : white bishop defended positions
[[0 0 0 0 0 0 0 0]
 [0 0 0 0 0 0 0 0]
 [0 0 0 0 0 0 0 0]
 [0 0 0 0 0 0 0 0]
 [0 0 0 0 0 0 0 0]
 [0 0 0 0 0 0 0 0]
 [0 0 0 0 0 0 0 0]
 [0 0 0 0 0 0 0 0]]
80 : white rook defended positions
[[0 0 0 0 0 0 0 0]
 [0 0 0 0 0 0 0 0]
 [0 0 0 0 0 0 0 0]
 [0 0 0 0 0 0 0 0]
 [0 0 0 0 0 0 0 0]
 [0 0 0 0 0 0 0 0]
 [0 0 0 0 0 0 0 0]
 [0 0 0 0 0 0 0 0]]
81 : white queen defended positions
[[0 0 0 0 0 0 0 0]
 [0 0 0 0 0 0 0 0]
 [0 0 0 0 0 0 0 0]
 [0 0 0 0 0 0 0 0]
 [0 0 0 0 0 0 0 0]
 [0 0 0 0 0 0 0 0]
 [0 0 0 0 0 0 0 0]
 [0 0 0 0 0 0 0 0]]
82 : white king defended positions
[[0 0 0 0 0 0 0 0]
 [0 0 0 0 0 0 0 0]
 [0 0 0 0 0 0 0 0]
 [0 0 0 0 0 0 0 0]
 [0 0 0 0 0 0 0 0]
 [0 0 0 0 0 0 0 0]
 [0 0 0 0 0 0 0 0]
 [0 0 0 0 0 0 0 0]]
83 : white pawn defended positions
[[0 0 0 0 0 0 0 0]
 [1 1 0 1 0 1 0 1]
 [0 0 0 0 0 0 0 0]
 [0 0 0 0 0 0 0 0]
 [0 0 0 0 0 0 0 0]
 [0 0 0 0 0 0 0 0]
 [0 0 0 0 0 0 0 0]
 [0 0 0 0 0 0 0 0]]
84 : black knight defended positions
[[0 0 0 0 0 0 0 0]
 [0 0 0 0 0 0 0 0]
 [0 0 0 0 0 0 0 0]
 [0 0 0 0 0 0 0 0]
 [0 0 0 0 0 0 0 0]
 [0 0 1 0 0 1 0 0]
 [0 0 0 0 0 0 0 0]
 [0 0 0 0 0 0 0 0]]
85 : black bishop defended positions
[[0 0 0 0 0 0 0 0]
 [0 0 0 0 0 0 0 0]
 [0 0 0 0 0 0 0 0]
 [0 0 0 0 0 0 0 0]
 [0 0 0 0 0 0 0 0]
 [0 0 0 0 0 0 0 0]
 [0 0 0 0 0 0 0 0]
 [0 0 1 0 0 1 0 0]]
86 : black rook defended positions
[[0 0 0 0 0 0 0 0]
 [0 0 0 0 0 0 0 0]
 [0 0 0 0 0 0 0 0]
 [0 0 0 0 0 0 0 0]
 [0 0 0 0 0 0 0 0]
 [0 0 0 0 0 0 0 0]
 [0 0 0 0 0 0 0 0]
 [0 0 0 0 0 0 0 0]]
87 : black queen defended positions
[[0 0 0 0 0 0 0 0]
 [0 0 0 0 0 0 0 0]
 [0 0 0 0 0 0 0 0]
 [0 0 0 0 0 0 0 0]
 [0 0 0 0 0 0 0 0]
 [0 0 0 0 0 0 0 0]
 [0 0 0 0 0 0 0 0]
 [0 0 0 1 0 0 0 0]]
88 : black king defended positions
[[0 0 0 0 0 0 0 0]
 [0 0 0 0 0 0 0 0]
 [0 0 0 0 0 0 0 0]
 [0 0 0 0 0 0 0 0]
 [0 0 0 0 0 0 0 0]
 [0 0 0 0 0 0 0 0]
 [0 0 0 0 0 0 0 0]
 [0 0 0 0 1 0 0 0]]
89 : black pawn defended positions
[[0 0 0 0 0 0 0 0]
 [0 0 0 0 0 0 0 0]
 [0 0 0 0 0 0 0 0]
 [0 0 0 0 0 0 0 0]
 [0 0 0 0 0 0 0 0]
 [0 0 0 0 0 0 0 0]
 [1 1 1 1 0 0 1 1]
 [0 0 0 0 0 0 0 0]]
90 : all defended positions
[[0 1 0 0 0 0 1 0]
 [1 1 0 1 0 1 0 1]
 [0 0 0 0 0 0 0 0]
 [0 0 0 0 0 0 0 0]
 [0 0 0 0 0 0 0 0]
 [0 0 1 0 0 1 0 0]
 [1 1 1 1 0 0 1 1]
 [0 0 1 1 1 1 0 0]]
